%YAML:1.0
---
camera_matrix: !!opencv-matrix
   rows: 3
   cols: 3
   dt: d
   data: [ 1.4224786926952374e+03, 0., 9.5950000000000000e+02, 0.,
       1.4224786926952374e+03, 5.3950000000000000e+02, 0., 0., 1. ]
distortion_coefficients: !!opencv-matrix
   rows: 8
   cols: 1
   dt: d
   data: [ 0., 0., 0., 0., 0., 0., 0., 0. ]
