%YAML:1.0
---
camera_matrix: !!opencv-matrix
   rows: 3
   cols: 3
   dt: d
   data: [ 1.4381598667223766e+03, 0., 9.6231466462028982e+02, 0.,
       1.4373985874441378e+03, 5.0374107032231984e+02, 0., 0., 1. ]
distortion_coefficients: !!opencv-matrix
   rows: 5
   cols: 1
   dt: d
   data: [ 5.7223932439599293e-02, -2.4345850555978504e-01,
       -4.0262494440662907e-03, -1.1493601551310940e-03,
       2.3075160306807080e-01 ]
