%YAML:1.0
---
camera_matrix: !!opencv-matrix
   rows: 3
   cols: 3
   dt: d
   data: [ 1.4357649454831335e+03, 0., 9.4849855489701577e+02, 0.,
       1.4354778849448749e+03, 5.2414633841611499e+02, 0., 0., 1. ]
distortion_coefficients: !!opencv-matrix
   rows: 5
   cols: 1
   dt: d
   data: [ 6.1656943097890687e-02, -2.8092784765003992e-01,
       -7.1854224695030024e-04, -3.4099726792178441e-03,
       2.9400916094472562e-01 ]
