%YAML:1.0
---
resolution: !!opencv-matrix
   rows: 1
   cols: 2
   dt: i
   data: [ 1920, 1080 ]
camera_matrix: !!opencv-matrix
   rows: 3
   cols: 3
   dt: d
   data: [ 1.4406089750092774e+03, 0., 9.5144342290091436e+02, 0.,
       1.4402636040635418e+03, 5.3030856782483113e+02, 0., 0., 1. ]
distortion_coefficients: !!opencv-matrix
   rows: 1
   cols: 14
   dt: d
   data: [ 1.1570474443792962e+00, 3.7996129733961697e+00,
       3.1875221425940346e-04, -7.0640939458658006e-04,
       -2.0416794941864120e+00, 1.1118470969431768e+00,
       3.9265157488809312e+00, -1.9899096848052829e+00, 0., 0., 0., 0.,
       0., 0. ]
