%YAML:1.0
---
resolution: !!opencv-matrix
   rows: 1
   cols: 2
   dt: i
   data: [ 1920, 1080 ]
camera_matrix: !!opencv-matrix
   rows: 3
   cols: 3
   dt: d
   data: [ 1.0754898957017281e+03, 0., 9.5435831006178466e+02, 0.,
       1.0740986879825718e+03, 5.5446181077648680e+02, 0., 0., 1. ]
distortion_coefficients: !!opencv-matrix
   rows: 1
   cols: 14
   dt: d
   data: [ 5.8146270899861227e-02, -1.1981613618540718e-01,
       2.9206585649935445e-04, -2.9398348330489068e-04,
       2.2247348181224473e-03, 4.8551895688210872e-01,
       -2.0485877058147400e-01, -1.2297723233291907e-02, 0., 0., 0., 0.,
       0., 0. ]
