%YAML:1.0
---
resolution: !!opencv-matrix
   rows: 1
   cols: 2
   dt: i
   data: [ 1920, 1080 ]
camera_matrix: !!opencv-matrix
   rows: 3
   cols: 3
   dt: d
   data: [ 1.4124092685262001e+03, 0., 9.4378605751214081e+02, 0.,
       1.4107323105509172e+03, 5.5156304214226975e+02, 0., 0., 1. ]
distortion_coefficients: !!opencv-matrix
   rows: 1
   cols: 14
   dt: d
   data: [ -8.6860054776837670e-01, -1.9640372782384206e+00,
       3.4707443277457101e-04, -1.6789428119802130e-03,
       -1.9475997724457101e+00, -1.0754130810485421e+00,
       -1.1996835030178827e+00, -2.6310822704989341e+00, 0., 0., 0., 0.,
       0., 0. ]
