%YAML:1.0
---
resolution: !!opencv-matrix
   rows: 1
   cols: 2
   dt: i
   data: [ 1920, 1080 ]
camera_matrix: !!opencv-matrix
   rows: 3
   cols: 3
   dt: d
   data: [ 1.1358999415097696e+03, 0., 9.2184210269787513e+02, 0.,
       1.1383513979412387e+03, 5.6121838772471608e+02, 0., 0., 1. ]
distortion_coefficients: !!opencv-matrix
   rows: 1
   cols: 14
   dt: d
   data: [ 1.4884105586703221e+01, 3.5053227519710262e+01,
       -4.3267829980243215e-03, 3.7206271758644419e-04,
       -1.4950239790398645e+00, 1.4698300963991301e+01,
       3.1799808490382105e+01, 3.3692972252684883e+00, 0., 0., 0., 0.,
       0., 0. ]
