%YAML:1.0
---
resolution: !!opencv-matrix
   rows: 1
   cols: 2
   dt: i
   data: [ 1280, 720 ]
camera_matrix: !!opencv-matrix
   rows: 3
   cols: 3
   dt: d
   data: [ 3.3943472736147481e+02, 0., 6.2469225000670292e+02, 0.,
       3.3974504824740666e+02, 3.7251836421179013e+02, 0., 0., 1. ]
distortion_coefficients: !!opencv-matrix
   rows: 1
   cols: 14
   dt: d
   data: [ 2.5125457840395032e-01, 6.0050604386408402e-03,
       -5.8867921975968611e-05, -8.3926341230655544e-05,
       2.1697471016864135e-08, 4.9673072792097794e-01,
       3.4698330792263601e-02, 1.6890239823301806e-04, 0., 0., 0., 0.,
       0., 0. ]
