%YAML:1.0
---
resolution: !!opencv-matrix
   rows: 1
   cols: 2
   dt: i
   data: [ 1232, 1232 ]
camera_matrix: !!opencv-matrix
   rows: 3
   cols: 3
   dt: d
   data: [ 4.0710489238843928e+02, 0., 6.4431880873587738e+02, 0.,
       3.9594545412313693e+02, 5.8465958884305189e+02, 0., 0., 1. ]
distortion_coefficients: !!opencv-matrix
   rows: 1
   cols: 14
   dt: d
   data: [ -4.3524321593848107e-02, -3.7715740882172271e-03,
       3.3516286758173157e-04, -1.1748019484538791e-03,
       -1.5185888253383085e-03, 1.4321585989586641e-01,
       -7.3107382279681884e-03, -4.8569590213402430e-03, 0., 0., 0., 0.,
       0., 0. ]
