%YAML:1.0
---
resolution: !!opencv-matrix
   rows: 1
   cols: 2
   dt: i
   data: [ 1232, 1232 ]
camera_matrix: !!opencv-matrix
   rows: 3
   cols: 3
   dt: d
   data: [ 4.0794374560396955e+02, 0., 6.4919067607070463e+02, 0.,
       4.0758594114240691e+02, 5.9008517513059201e+02, 0., 0., 1. ]
distortion_coefficients: !!opencv-matrix
   rows: 1
   cols: 14
   dt: d
   data: [ 6.7584259160681615e-02, -3.6136608932132615e-03,
       8.5531927518227725e-04, -4.7188896317806232e-04,
       -4.7219552191147302e-05, 2.9760450768559954e-01,
       -4.1419880183263431e-03, -4.4516842565818233e-04, 0., 0., 0., 0.,
       0., 0. ]
